{
    'seed': 58298,
    'rounds': 0,
    'd':.001,
    #number of rows to use at a time
    'nrows': 3300000,#number of training observations to use at a time
    'offset': 6600000,#beginning of testing data
    'trainoffset': 3300000,#beginning of validation data
    'best_gain': 0,
    'kstar': 42,
    'start_bounds':[[0.0, 0.022, 0.18185714285714286, 0.5688571428571428, 0.8438571428571429, 0.9064285714285714, 0.9874285714285713], [0.0, 0.47100000000000003, 0.47200000000000003, 0.49200000000000005, 0.537, 0.5910000000000001, 0.6200000000000001], [0.0, 0.084, 0.15300000000000002, 0.19500000000000003, 0.23700000000000002, 0.6045714285714285, 0.9385714285714286], [0.0, 0.028, 0.254, 0.323, 0.827, 0.851, 0.853], [0.0, 0.062, 0.101, 0.194, 0.511, 0.518, 0.6024285714285714], [0,.5]],
    'gain matrix':[[1, -1], [-2, 3]]
}