{
    'seed': 58298,
    'rounds': 0,
    'd':.05,
    #number of rows to use at a time
    'nrows': 50000,#number of training observations to use at a time
    'offset': 6600000,#beginning of testing data
    'trainoffset': 0,#beginning of training data
    'best_gain': 0,
    'kstar': 0,
    'start_bounds':[[0.0, 0.022, 0.18185714285714286, 0.5688571428571428, 0.8798571428571429, 0.9064285714285714, 0.9874285714285713], [0.0, 0.47100000000000003, 0.47200000000000003, 0.49200000000000005, 0.537, 0.5910000000000001, 0.6200000000000001], [0.0, 0.084, 0.15300000000000002, 0.16300000000000003, 0.23700000000000002, 0.6045714285714285, 0.9385714285714286], [0.0, 0.028, 0.252, 0.323, 0.827, 0.829, 0.853], [0.0, 0.062, 0.101, 0.194, 0.511, 0.6014285714285714, 0.6024285714285714], [0.0, 0.5]],
    'input type': 'uniform'
}